5 4
2.9
5.821 6.337 5.278 7.099
21.110 1.747 10.638 4.781
0.804 13.231 18.291 21.938
6.670 13.145 13.419 7.139
25.823 4.058 0.869 4.154
1.156 4.813 2.528 0.733
5.508 8.332 7.742 10.413
1.115 2.618 13.386 6.113
5.993 7.194 3.532 1.996
13.276 18.318 1.900 5.303
8.674 6.480 7.263 8.313
19.399 17.542 10.964 21.863
6.239 16.802 9.538 11.823
11.857 2.624 7.294 3.110
6.655 3.367 17.297 2.592
4.446 13.377 5.064 5.319
5.584 3.799 5.065 10.031
12.190 3.355 10.372 3.681
0.565 6.730 8.164 19.765
10.904 5.326 14.900 7.184
6.699 0.634 4.822 12.011
11.448 14.907 12.178 7.350
7.211 6.479 12.033 10.663
3.376 7.806 0.937 1.530
0.017 7.684 2.579 6.867
26.028 7.732 2.690 11.843
8.237 7.010 4.726 11.978
13.528 15.821 3.913 12.740
3.137 13.645 5.433 2.120
7.867 1.082 4.540 1.890
9.238 3.176 7.989 1.551
13.170 4.116 4.832 21.419
10.105 5.686 7.609 2.169
13.397 4.006 5.063 8.909
5.471 5.228 11.882 3.408
5.193 0.025 1.302 3.541
1.525 1.848 5.050 6.621
4.969 14.563 15.824 5.637
35.699 20.277 2.741 1.334
16.679 7.212 4.790 2.443
4.643 4.552 0.556 11.980
0.149 12.792 17.660 1.334
17.065 16.417 0.412 4.097
14.849 3.793 18.351 8.243
0.295 9.647 3.039 1.995
0.153 20.937 2.960 7.400
16.929 13.031 18.831 4.943
2.756 2.882 6.467 20.834
6.447 2.521 9.764 4.606
3.890 8.169 7.841 15.951
9.924 12.186 12.355 13.879
1.754 3.202 11.944 6.364
11.634 21.126 5.167 5.767
17.073 20.230 9.748 8.122
1.512 19.621 9.360 14.333
17.684 8.937 2.922 7.165
8.134 4.779 1.982 10.691
13.034 1.459 9.708 1.475
9.822 7.317 21.596 13.286
3.579 4.824 1.837 2.621
0.668 4.350 18.903 1.036
9.180 4.871 10.686 10.798
18.634 1.464 0.171 6.892
21.346 18.501 3.774 12.736
9.698 8.509 2.434 2.625
3.372 3.182 18.458 7.170
6.281 5.781 1.198 7.460
4.429 9.475 21.106 2.256
1.646 1.201 5.283 8.606
3.027 3.016 1.405 11.201
14.069 9.233 1.594 13.289
1.314 13.488 6.889 10.972
2.807 3.713 9.199 7.630
7.879 9.331 5.136 5.951
10.712 0.065 0.690 4.291
8.191 18.824 15.899 7.639
12.340 4.319 2.539 17.286
13.700 6.817 19.344 2.157
5.576 11.394 8.008 0.306
14.678 11.025 7.556 11.621
8.103 0.219 12.027 0.108
2.284 9.310 7.439 8.137
7.208 0.264 4.313 4.567
0.306 1.402 2.616 5.506
14.419 5.895 9.199 5.467
2.575 19.057 6.773 20.505
7.075 4.997 17.126 3.164
16.493 30.086 1.517 3.281
6.290 16.670 3.153 19.672
10.062 7.608 8.107 5.056
3.193 10.565 7.410 20.857
8.805 8.733 0.194 0.364
3.239 9.623 1.389 5.376
0.563 15.254 9.359 5.343
10.526 15.989 3.837 0.466
3.868 4.970 8.272 7.745
7.934 7.634 7.314 4.834
5.931 3.227 28.253 18.310
1.859 14.599 3.067 1.683
11.396 1.156 0.463 8.862
9.659 11.604 3.561 14.279
9.229 5.946 0.555 6.331
8.612 8.553 1.312 7.380
6.147 19.964 8.571 0.520
1.927 3.966 7.871 10.378
4.906 3.207 2.360 10.865
12.887 11.892 10.224 2.728
1.404 1.406 0.746 10.884
4.998 10.787 5.988 5.569
6.995 15.793 16.169 4.551
6.527 19.716 6.334 0.140
11.818 19.657 14.744 3.179
4.977 0.709 1.229 2.184
6.403 8.721 14.554 9.998
0.037 1.119 10.976 7.956
6.805 0.605 15.036 20.771
6.048 9.376 4.029 4.038
3.394 2.948 3.146 6.673
4.811 5.618 3.813 18.874
0.579 3.410 11.264 0.232
2.796 0.734 5.983 19.261
9.763 5.249 16.705 4.716
2.847 4.303 18.547 8.897
24.132 4.257 5.642 19.752
4.829 5.739 5.147 6.077
4.037 4.009 4.634 2.949
18.853 13.741 5.885 14.455
8.095 5.288 5.296 4.715
8.470 10.749 9.082 11.745
9.999 12.259 16.330 7.503
2.732 0.818 6.806 9.803
7.376 2.075 7.183 1.244
10.253 0.049 0.264 3.568
9.225 1.613 4.886 1.566
2.541 4.997 16.449 4.073
0.394 7.703 4.434 13.422
3.825 8.762 1.994 1.778
12.494 7.422 6.497 3.224
8.128 10.599 0.078 22.684
6.170 3.686 9.781 16.529
18.069 8.466 2.964 19.660
3.288 6.790 6.583 0.818
2.812 9.826 12.881 12.927
13.765 3.836 16.729 0.885
0.038 38.931 9.702 8.468
2.775 6.130 6.002 2.780
3.109 1.321 5.008 2.298
14.600 0.427 6.294 3.368
0.273 6.659 9.654 8.672
9.088 31.916 4.207 8.703
31.668 2.670 2.768 4.355
10.082 1.978 8.815 7.268
7.824 10.729 3.614 11.147
1.299 3.150 23.408 5.107
7.700 4.282 0.655 2.137
0.613 11.340 5.292 16.026
3.755 9.822 13.798 13.543
3.287 3.954 18.733 10.913
9.274 7.538 6.527 3.446
4.481 11.052 7.983 1.866
12.165 14.831 18.675 8.525
10.900 2.968 7.784 16.305
5.614 4.251 13.020 9.357
23.201 4.462 1.996 6.668
9.702 1.263 3.718 10.298
2.418 11.930 8.412 5.243
11.704 8.493 6.024 13.232
1.119 7.712 4.344 2.963
8.756 3.825 0.960 10.646
3.011 8.584 18.162 14.957
15.081 18.916 6.287 0.682
12.127 7.893 6.993 3.916
18.415 4.046 0.476 8.288
17.009 7.732 9.310 4.156
2.226 19.890 4.234 1.427
2.646 14.121 10.918 4.309
10.403 5.094 6.392 0.098
20.537 3.421 3.037 4.221
10.814 4.654 4.233 5.424
3.098 4.243 4.357 17.767
13.093 6.209 5.196 1.338
6.119 0.118 5.507 11.390
12.087 7.723 5.251 1.818
12.914 12.278 5.758 7.677
4.203 0.207 11.683 0.257
7.695 15.674 17.796 4.087
3.160 2.923 4.331 3.722
1.921 2.270 5.897 0.779
2.154 0.804 3.191 3.146
2.486 5.163 12.519 0.700
8.485 17.969 8.566 0.396
6.866 18.086 1.042 13.624
6.423 13.330 10.607 25.321
8.981 3.777 5.801 4.908
11.453 6.930 0.354 13.879
7.910 10.947 15.433 1.561
17.044 4.845 8.105 17.036
15.507 1.051 9.009 0.271
20.146 15.491 16.321 5.311
4.461 8.614 1.744 7.448
0.164 16.622 11.017 9.117
1.674 17.897 6.638 18.187
1.042 2.778 0.052 1.778
8.029 13.453 2.892 4.435
18.054 12.168 5.967 12.075
11.794 3.652 16.169 13.017
16.941 0.647 12.609 7.702
3.506 2.662 11.347 1.132
0.733 0.937 10.591 8.023
10.642 1.725 8.179 5.049
11.709 14.531 7.188 12.220
7.841 6.958 3.667 5.743
6.276 4.143 5.504 13.001
4.681 1.130 4.999 2.282
11.539 21.801 15.031 1.334
9.270 0.094 3.059 9.926
6.883 10.732 1.410 8.258
10.357 8.109 3.010 6.371
8.467 3.058 9.729 6.948
0.484 7.867 11.778 7.832
0.575 3.272 9.417 7.312
2.200 8.782 7.378 10.627
12.959 6.886 4.587 23.227
13.186 1.815 8.097 5.379
9.240 12.048 16.169 3.095
3.578 0.988 17.714 4.705
12.041 3.187 7.437 0.023
17.053 9.276 13.885 1.963
19.309 3.952 0.701 8.760
10.795 22.466 3.517 8.429
4.574 0.525 0.942 3.308
15.343 9.670 14.349 6.282
6.727 3.026 3.130 4.383
25.539 3.145 4.573 15.774
2.184 13.718 15.386 7.715
9.129 10.766 6.113 18.483
14.492 11.073 4.936 5.880
0.206 15.539 13.806 1.069
10.778 1.114 2.924 0.365
4.745 22.631 4.497 6.989
6.057 2.973 6.356 5.565
9.146 18.301 14.387 3.657
3.555 3.071 11.581 3.884
7.394 8.500 6.368 7.887
1.758 10.116 8.543 9.661
13.168 6.633 10.321 23.481
16.780 23.140 1.181 4.580
5.887 7.636 5.691 15.997
13.708 2.354 11.907 3.487
9.447 4.459 7.159 4.862
6.681 0.685 17.771 1.222
11.929 11.978 6.761 7.009
1.788 1.641 6.124 0.916
5.009 20.034 0.559 6.081
11.362 1.076 8.035 8.676
4.174 1.495 3.257 12.047
16.565 11.152 2.677 24.436
1.435 4.688 17.659 9.386
3.810 15.878 1.343 10.520
3.203 5.141 7.089 8.206
10.367 0.429 6.431 4.944
0.961 3.495 4.770 8.906
6.823 7.266 10.177 5.052
6.932 2.729 8.705 5.487
1.472 8.755 12.308 9.095
6.309 2.180 6.337 14.813
0.420 8.847 15.712 16.407
12.036 14.745 6.429 1.858
4.473 2.520 22.197 16.795
10.039 6.953 4.541 3.204
14.262 6.626 9.133 19.486
4.201 13.078 5.676 4.955
9.878 8.326 5.668 8.827
10.495 12.684 8.282 6.401
2.138 5.435 2.041 7.146
7.872 17.325 9.434 0.281
3.145 17.626 6.520 0.959
16.326 8.480 1.674 1.754
8.377 11.050 7.758 9.777
11.667 8.815 17.505 3.062
2.194 1.066 26.330 3.992
3.178 7.237 1.509 2.470
6.876 4.361 10.301 10.279
10.592 1.662 6.707 6.759
3.107 10.525 3.258 3.812
26.825 17.814 11.097 4.837
18.945 2.924 3.706 2.937
7.665 3.337 5.609 16.854
17.339 9.887 5.146 0.163
9.894 12.497 12.594 0.763
9.195 6.477 0.238 4.892
7.451 3.414 16.213 0.873
7.417 5.464 9.629 16.053
10.547 20.412 4.098 3.094
5.995 6.441 9.329 1.503
11.367 18.381 3.756 11.583
11.562 5.369 3.156 1.587
2.957 3.301 11.370 11.260
9.313 2.408 0.912 3.184
2.393 3.522 8.495 10.085
14.716 5.798 9.112 3.493
16.232 2.347 6.011 7.149
3.746 16.601 10.824 0.795
0.227 7.568 4.144 21.951
3.012 11.761 0.343 3.873
6.579 10.399 3.428 6.079
10.384 14.512 2.961 20.762
8.262 6.322 3.061 9.271
9.954 10.900 18.571 4.904
15.219 3.532 2.590 12.793
9.018 14.978 10.246 0.785
7.134 9.096 5.127 12.214
2.696 5.396 6.274 8.108
5.778 1.197 16.181 6.240
5.169 2.750 3.203 0.845
10.231 11.748 2.115 6.473
7.637 13.976 15.310 0.871
2.259 17.485 14.623 13.149
5.353 1.035 2.490 0.839
20.798 0.441 6.199 5.013
2.434 8.634 0.228 8.141
9.088 7.915 0.360 0.639
4.376 15.648 9.094 11.415
8.648 12.980 20.942 6.935
18.639 1.947 7.080 6.540
6.912 8.335 2.494 5.503
6.703 8.595 8.481 0.619
1.721 15.836 1.463 13.024
8.316 3.428 1.725 13.395
0.751 16.276 26.745 0.059
5.758 8.663 2.205 0.794
19.138 1.038 0.800 7.932
20.027 12.881 4.618 3.459
4.676 0.456 1.873 15.792
4.647 3.598 4.028 0.909
0.935 4.937 0.727 2.109
19.609 16.392 0.278 3.107
1.453 15.274 4.200 2.604
16.174 8.868 13.232 17.265
7.330 0.364 4.440 0.974
16.918 17.645 12.732 5.266
1.081 6.028 4.267 0.263
33.231 17.092 6.358 7.813
7.890 14.832 1.949 6.570
21.806 1.387 1.114 18.180
21.385 4.292 15.195 6.552
5.271 2.737 9.921 7.849
15.771 13.221 6.608 0.978
3.814 14.487 2.147 16.341
15.566 6.120 15.815 2.537
2.802 7.764 4.336 3.551
1.280 6.533 8.996 12.822
1.846 3.399 7.783 0.162
15.718 18.473 10.403 7.091
6.536 1.715 15.273 1.341
9.369 0.536 6.832 1.593
6.066 10.400 5.289 14.379
14.048 6.206 6.628 8.506
13.471 15.284 4.004 7.024
5.035 8.562 2.590 9.833
1.467 13.532 1.395 7.383
2.298 2.022 10.104 5.826
17.618 2.489 0.435 1.333
0.011 1.149 5.056 2.712
1.375 3.638 13.616 5.164
0.116 0.872 0.558 17.279
8.744 1.639 6.897 17.688
14.540 1.785 5.212 15.004
0.600 12.159 7.721 1.708
5.594 16.153 8.855 1.944
8.500 1.638 1.160 8.001
2.621 1.260 1.856 6.865
1.099 13.000 17.640 2.657
7.141 5.440 7.118 4.339
0.725 15.200 3.537 3.557
10.040 18.435 0.802 6.139
4.665 9.406 5.609 26.336
4.785 4.767 9.559 2.447
7.718 7.301 1.706 0.640
3.662 10.087 0.650 7.649
13.579 1.926 0.899 1.557
8.294 25.554 2.985 8.551
23.198 3.330 5.374 2.620
8.946 14.283 19.114 7.102
11.529 17.682 9.375 8.402
0.829 2.396 8.289 4.961
3.984 1.019 2.503 3.664
7.270 5.543 7.235 15.517
11.905 0.148 6.704 6.413
7.621 10.756 6.145 1.153
8.964 14.570 11.854 5.748
6.304 3.554 2.298 1.977
16.078 0.046 19.418 6.779
6.783 4.528 4.159 0.405
19.434 8.325 13.155 15.944
0.069 14.474 11.749 13.151
8.787 4.478 12.500 1.925
7.886 0.836 13.104 1.618
8.953 5.126 2.019 19.828
9.061 14.736 11.763 3.016
7.039 1.230 14.101 9.776
4.734 7.556 13.184 1.662
4.434 0.169 10.376 4.761
11.825 4.555 15.140 6.004
16.867 2.710 6.501 2.900
16.834 11.718 14.621 10.101
0.290 3.764 5.719 6.009
8.718 8.919 0.952 1.853
1.850 3.705 6.817 5.640
2.379 9.899 1.902 5.460
1.957 8.836 19.059 10.102
8.230 9.255 7.572 4.651
17.918 10.984 8.236 14.526
9.839 1.445 8.844 5.584
11.940 7.650 3.332 6.548
9.463 14.469 4.645 1.539
16.190 11.558 13.045 4.692
13.681 2.430 8.512 3.385
8.387 11.149 7.165 11.968
3.681 23.135 9.787 3.976
1.877 5.632 20.379 10.806
21.116 2.632 4.158 6.276
2.330 2.388 1.395 9.261
0.717 5.862 11.586 14.486
21.136 8.362 10.983 7.387
15.457 12.823 9.002 2.446
18.376 20.779 5.573 13.827
2.096 13.637 2.372 3.900
12.000 3.462 0.150 11.176
0.072 4.805 3.678 5.362
4.151 0.371 2.300 11.369
6.123 2.937 2.221 9.309
5.235 2.711 1.439 0.580
1.520 1.721 2.736 17.328
18.331 7.079 6.818 22.370
20.665 1.291 10.644 0.970
3.865 3.320 4.932 6.479
3.365 0.392 23.833 13.091
23.397 16.311 3.044 12.622
8.677 9.701 5.116 13.173
0.398 5.973 16.178 3.126
3.437 13.035 6.972 0.999
8.960 14.362 12.383 6.132
13.952 6.717 2.875 16.382
5.308 7.173 10.359 23.623
7.940 6.526 15.895 2.801
5.037 2.505 4.158 3.489
3.641 18.128 2.112 0.222
2.340 0.072 6.941 15.087
16.182 24.282 5.316 12.047
9.802 6.713 9.021 18.854
8.821 6.521 6.115 21.765
5.227 13.794 8.194 0.705
13.789 7.457 6.744 1.479
1.302 5.295 10.154 4.347
22.120 7.599 10.283 17.961
16.841 14.221 0.041 8.388
3.752 2.231 1.463 6.745
4.909 13.440 2.601 4.469
7.305 3.985 7.396 20.327
7.797 0.868 15.312 11.127
11.061 9.868 17.506 0.291
6.840 6.697 5.898 22.375
20.186 0.274 3.031 0.310
12.175 10.084 8.035 8.971
15.543 5.706 10.766 9.982
16.928 1.534 4.971 14.690
16.086 6.259 16.336 14.883
5.756 0.783 6.578 0.429
13.288 13.555 3.662 2.051
4.729 1.081 2.250 15.178
11.453 13.547 5.523 10.076
5.046 6.139 2.926 2.441
2.821 4.935 7.482 8.689
2.211 3.944 0.274 1.672
22.857 9.317 1.606 0.977
11.291 4.410 13.219 6.120
3.405 7.265 18.317 16.557
10.482 4.036 4.234 5.875
16.010 2.068 1.435 2.595
3.083 13.598 7.890 8.549
1.420 0.911 17.389 14.173
9.446 4.173 8.030 0.993
1.060 19.240 4.197 4.020
14.012 13.044 8.821 34.173
16.730 8.578 8.022 13.584
2.404 9.950 7.122 20.063
2.353 5.736 5.954 17.185
10.857 9.868 6.064 9.087
10.694 6.296 13.121 11.865
18.916 9.545 7.527 4.568
7.305 16.233 10.166 3.651
0.915 3.496 0.384 1.670
9.346 8.967 0.041 8.800
16.171 7.116 9.600 2.077
3.110 2.317 3.064 7.634
0.246 8.931 7.882 21.038
3.776 18.473 13.598 11.907
8.916 4.296 0.561 8.769
0.674 16.739 9.144 3.816
17.147 16.873 4.746 1.883
11.328 2.897 14.447 2.217
12.404 8.837 4.133 14.776
1.460 16.145 10.100 13.206
2.596 30.868 6.145 23.615
23.296 13.946 1.020 3.836
7.297 10.376 11.260 8.053
3.617 12.890 12.182 2.296
7.073 1.153 13.183 0.279
20.239 1.293 7.450 8.903
0.218 7.257 2.604 2.326
12.059 7.307 2.141 14.185
3.389 5.001 3.163 13.589
3.863 5.366 6.133 11.109
4.537 3.349 11.228 9.727
4.391 12.653 8.191 12.553
1.299 17.552 1.004 5.734
11.724 3.708 19.214 5.400
0.417 0.044 2.592 14.372
7.827 8.526 0.269 7.503
1.822 1.223 4.776 8.327
7.643 0.349 13.322 5.651
26.287 13.975 24.868 3.884
10.346 17.532 2.038 9.609
0.882 12.397 13.329 10.701
4.156 4.393 6.590 10.513
13.025 7.801 3.574 1.576
2.756 13.056 8.507 3.925
17.164 2.159 13.112 18.851
9.785 10.391 14.307 6.970
7.722 4.081 9.961 3.833
7.265 1.784 9.659 2.197
7.543 3.679 0.642 11.590
11.280 3.878 0.272 1.637
0.677 11.461 13.900 8.986
10.190 6.438 5.758 13.927
5.891 0.887 1.417 3.098
0.966 14.809 12.821 4.105
6.366 19.690 10.652 5.818
1.611 12.124 11.976 5.723
14.257 12.604 3.059 7.489
4.011 9.246 11.913 9.585
2.772 0.657 10.516 9.724
0.405 0.911 11.619 10.583
3.304 3.705 1.534 0.777
7.041 2.798 7.359 9.551
8.194 7.109 20.105 30.026
2.024 1.672 3.772 8.369
12.647 6.642 10.556 1.683
0.967 15.746 8.990 15.287
2.938 13.372 7.656 3.408
1.585 1.345 8.240 1.835
4.059 12.323 13.742 4.059
4.473 5.736 7.046 8.839
5.836 6.870 1.141 8.598
6.463 17.685 5.840 15.334
13.756 18.450 4.293 6.397
19.809 15.669 8.766 5.909
16.192 10.020 3.470 22.772
3.659 3.702 1.773 17.747
6.181 6.983 2.500 18.410
2.842 22.007 12.368 0.490
1.038 23.167 8.670 23.480
5.936 2.890 15.154 6.449
5.564 9.515 2.633 2.950
9.670 6.184 5.202 8.881
7.653 4.702 5.469 12.623
15.387 4.007 5.399 13.127
3.175 3.470 3.358 24.475
4.086 1.181 5.748 5.527
1.180 0.704 5.449 9.188
1.912 2.167 12.391 0.291
3.893 9.943 13.380 2.000
5.634 4.200 8.116 0.433
7.258 3.240 8.214 15.960
7.531 10.724 1.733 6.262
11.921 22.609 10.854 4.786
5.187 4.182 12.213 17.577
0.755 5.223 4.124 1.944
2.353 10.761 0.168 16.178
9.790 4.663 2.669 16.638
2.645 7.994 12.104 6.167
9.597 5.076 3.168 0.825
0.676 0.753 10.340 18.546
0.671 3.543 0.982 12.811
0.866 8.408 6.453 13.038
0.763 12.837 12.126 27.259
2.036 1.552 1.441 6.795
2.532 14.996 3.582 11.882
2.838 9.622 1.306 1.625
1.961 4.578 5.449 7.079
0.180 7.297 9.753 6.451
5.005 9.118 7.117 8.697
5.368 2.516 27.664 4.616
15.275 3.679 5.874 5.440
11.803 8.166 14.892 1.871
9.841 3.846 8.048 0.268
3.893 5.080 1.519 4.367
4.373 7.234 3.067 4.829
1.132 5.488 4.956 12.608
8.793 6.039 6.675 8.357
6.131 6.030 2.580 6.321
8.936 1.575 3.075 17.903
2.398 1.490 10.046 12.153
6.911 1.339 7.134 16.948
14.381 10.283 4.803 1.662
7.420 5.868 10.915 17.324
4.891 13.717 6.193 0.055
10.186 18.628 0.326 2.949
8.398 14.471 6.990 11.626
6.126 7.353 0.587 3.310
7.951 15.606 0.136 1.444
0.280 8.534 13.108 0.859
13.813 0.185 10.696 7.203
0.406 5.640 11.097 4.652
9.006 4.243 17.578 5.050
9.279 0.347 0.312 6.984
18.258 1.888 15.713 4.343
13.025 10.061 5.805 10.391
9.353 15.562 16.690 13.439
23.485 2.478 10.863 7.224
11.206 4.459 9.870 5.982
17.481 1.873 8.956 22.342
11.329 2.467 4.043 4.163
1.469 18.192 3.226 7.587
9.467 7.419 13.277 5.864
7.173 8.682 3.993 8.891
6.556 1.678 4.538 10.526
4.398 12.229 6.428 2.773
7.062 14.065 9.857 23.859
5.643 9.133 6.802 10.736
1.066 9.235 17.308 8.066
8.398 12.593 5.634 0.290
1.145 2.075 0.002 4.587
7.961 3.428 12.513 2.483
7.871 8.996 7.064 10.178
1.345 17.102 4.065 1.131
0.691 2.196 3.158 13.959
19.129 1.128 11.884 13.888
2.826 1.693 8.172 14.339
14.616 0.270 0.468 7.391
10.433 9.877 4.497 6.293
4.500 31.127 0.387 10.692
2.210 6.697 3.330 8.205
7.599 13.559 8.706 2.060
0.661 3.186 4.920 7.107
13.350 4.089 3.451 3.814
8.169 5.375 9.624 2.952
8.314 18.979 3.424 0.573
5.184 5.447 6.429 4.429
10.349 5.818 16.255 8.490
15.041 4.774 7.390 12.189
7.062 10.725 2.155 19.485
14.048 9.556 4.946 23.934
1.751 0.759 10.905 13.744
9.239 6.035 2.070 6.139
5.362 0.414 4.913 3.668
13.528 8.115 6.533 5.040
6.504 7.805 16.411 3.976
7.550 8.438 3.589 4.938
0.131 4.265 10.272 5.504
3.716 6.748 9.819 4.689
13.568 21.145 11.405 3.273
1.769 18.798 5.924 7.177
9.020 0.745 24.705 4.228
15.724 16.654 7.043 12.549
15.291 5.358 6.539 2.504
7.366 8.768 6.755 11.616
7.259 10.834 15.148 2.230
14.081 19.234 8.584 8.320
7.961 5.880 12.503 1.031
4.488 10.632 2.452 12.532
1.053 4.345 3.313 18.542
6.576 6.798 17.052 18.462
2.225 8.935 17.805 4.047
1.005 3.950 6.309 7.480
5.272 2.780 5.306 0.647
8.572 1.768 21.579 2.607
3.602 21.658 6.294 0.899
3.430 16.367 29.169 17.100
11.353 13.730 2.656 16.705
6.722 11.312 0.230 8.316
2.115 2.863 0.608 3.017
2.461 0.832 20.991 1.712
14.017 22.885 7.660 6.934
14.559 11.348 18.910 1.825
13.605 9.503 7.491 4.271
11.835 5.765 5.514 21.072
15.308 18.783 1.956 2.761
4.989 10.667 22.523 2.727
2.831 0.090 6.245 7.389
4.606 6.822 8.003 13.505
2.204 14.506 9.752 9.120
7.597 15.577 2.503 4.188
2.754 4.870 10.973 22.990
12.896 0.840 5.070 0.380
1.611 9.508 11.406 12.928
13.764 3.032 6.310 10.474
6.409 18.888 5.756 5.313
1.576 9.434 4.056 3.310
2.051 6.808 1.980 2.620
7.039 5.232 0.254 3.959
20.203 4.287 13.650 7.238
14.525 6.673 3.865 12.663
8.150 9.087 3.033 4.807
7.900 7.793 0.724 1.970
16.445 3.507 7.982 7.704
15.354 2.457 0.167 0.835
14.820 3.849 3.602 11.003
23.095 9.561 6.899 4.770
2.132 8.200 9.702 9.172
4.285 11.695 4.850 2.601
14.542 4.180 7.023 1.352
5.910 9.402 7.119 2.717
4.516 11.476 5.283 16.362
1.352 2.610 6.872 16.169
4.259 5.552 6.353 4.730
12.792 11.713 10.209 7.701
3.296 0.759 11.388 17.006
16.745 1.522 9.650 18.366
6.962 15.554 11.144 14.716
10.704 1.047 8.496 12.757
8.774 6.386 4.688 11.713
11.264 1.504 4.671 10.822
15.382 5.032 12.886 4.742
12.533 1.948 1.997 0.012
1.298 9.234 13.487 1.403
0.621 6.150 13.228 24.560
5.525 1.748 16.078 19.861
4.778 7.290 4.035 2.029
1.449 6.650 0.573 3.881
1.629 11.204 6.823 3.662
3.427 4.552 5.829 3.714
12.184 9.702 6.194 10.542
8.767 7.223 1.173 1.159
10.809 16.999 2.380 12.645
2.204 4.805 3.301 1.306
22.623 4.998 0.565 8.594
0.146 8.906 16.769 0.781
17.053 5.649 3.679 24.380
9.575 2.663 10.651 0.380
0.653 2.768 7.129 7.831
14.070 2.621 20.749 0.942
8.477 2.406 5.653 0.066
13.439 5.093 5.897 3.038
6.530 3.220 10.941 5.023
14.112 1.254 1.824 7.725
4.091 0.922 1.533 9.302
12.033 3.960 7.566 9.184
6.328 10.818 18.098 12.794
3.931 10.648 9.308 4.255
13.661 8.323 1.616 1.582
8.084 5.380 1.980 3.283
9.758 16.802 9.452 8.160
13.245 18.062 13.516 16.815
14.679 17.888 0.184 2.447
19.544 15.309 1.344 2.658
3.724 19.867 10.259 6.965
15.187 1.969 7.965 6.506
8.839 1.865 18.056 3.701
0.063 22.272 3.140 5.934
17.381 21.932 12.098 9.372
4.521 9.997 6.131 2.804
4.587 10.960 3.906 13.016
1.107 10.027 2.827 3.578
21.009 5.352 1.353 5.736
7.026 9.012 10.313 7.136
12.476 0.110 14.988 2.882
8.040 15.748 9.594 0.227
4.473 8.521 15.157 1.809
8.386 8.848 1.947 37.434
8.684 2.886 10.987 7.900
4.886 12.068 4.410 0.803
14.959 5.564 0.599 24.368
0.274 16.668 2.253 3.155
2.760 1.680 1.822 12.537
2.700 11.943 0.409 7.628
11.963 12.223 4.343 6.485
2.605 1.651 0.039 2.456
13.393 3.809 10.158 7.330
11.446 4.915 18.885 4.374
3.060 3.773 1.996 2.550
0.016 0.450 9.024 1.553
2.443 8.744 2.104 6.474
8.817 8.941 11.396 2.700
1.050 2.018 12.033 13.157
1.081 13.619 12.999 10.766
0.075 2.592 12.008 10.309
3.316 2.625 0.464 2.013
2.901 1.884 0.882 2.947
1.249 5.973 3.631 1.034
2.540 1.495 2.710 1.903
0.215 3.210 10.546 5.978
5.766 14.356 0.753 22.273
2.449 17.486 6.582 12.118
13.796 6.918 4.817 6.649
0.631 8.595 14.622 2.791
6.118 4.457 3.215 1.464
3.274 9.835 4.682 4.276
6.313 10.131 10.140 23.033
11.360 4.862 13.057 13.313
12.396 14.959 10.341 12.102
6.971 3.916 5.909 10.286
3.123 7.921 7.303 9.562
18.648 5.645 6.659 2.596
6.446 14.449 14.336 0.949
2.993 0.571 2.877 15.333
13.958 18.861 3.800 10.076
12.099 15.916 9.515 6.252
8.037 2.828 8.151 9.226
3.755 1.986 5.358 6.715
15.109 13.722 5.917 1.758
14.619 3.311 11.928 2.537
5.880 11.243 13.594 3.856
7.173 9.874 10.994 17.691
13.957 15.861 4.106 9.107
5.727 17.776 1.896 10.025
19.972 17.627 0.397 6.669
6.787 2.341 7.380 3.348
17.566 17.565 5.559 22.504
8.389 18.302 14.381 14.043
6.433 16.372 10.620 11.667
1.185 3.380 14.547 0.298
8.669 2.149 8.705 17.667
7.227 1.595 14.392 5.575
4.337 14.701 8.669 3.972
7.686 12.459 3.628 2.302
3.853 10.613 12.392 2.695
7.541 1.584 11.111 4.981
1.441 9.647 4.525 0.584
4.980 18.054 14.942 0.100
3.125 10.314 3.316 15.499
9.672 11.989 0.994 6.473
7.526 7.060 8.312 13.822
10.887 9.319 11.332 7.885
11.100 1.120 7.616 2.226
4.263 4.899 2.278 14.718
7.260 3.300 14.105 18.865
4.103 6.649 14.242 7.643
14.267 2.274 1.365 8.727
13.862 10.501 5.761 9.209
13.497 5.080 3.326 2.523
6.859 3.179 3.785 4.851
8.254 15.130 0.281 0.866
8.022 0.361 8.454 8.758
14.859 4.868 1.606 10.896
1.174 0.085 2.974 5.402
26.542 7.419 6.129 23.941
12.286 4.393 0.625 11.904
6.303 0.362 1.925 3.380
0.804 14.272 6.378 6.997
3.243 8.637 10.306 2.362
25.197 5.182 15.566 14.291
12.215 18.530 1.190 7.331
6.394 11.126 4.265 7.564
2.664 6.894 1.903 11.860
10.945 21.517 0.010 8.157
10.531 11.889 3.039 1.853
6.387 1.548 2.889 9.951
4.612 7.005 5.403 7.822
12.703 11.007 7.579 17.188
3.987 11.237 4.724 11.793
17.079 8.598 14.862 14.602
13.746 11.568 0.586 2.445
24.470 2.766 2.762 13.806
6.054 2.841 8.557 11.522
11.839 12.266 28.327 17.680
16.496 1.983 12.504 7.563
5.441 5.297 0.534 17.072
2.608 5.928 0.389 7.990
19.423 11.954 2.935 12.017
3.729 1.725 5.195 6.739
19.381 1.434 5.085 0.966
12.219 11.950 11.496 4.359
11.089 3.773 9.318 7.557
12.605 2.357 10.720 7.033
5.057 1.079 8.565 6.289
1.089 20.887 13.069 3.550
2.487 7.048 1.908 2.027
12.349 19.819 20.815 8.373
5.492 4.651 13.462 1.615
2.736 9.804 7.265 15.806
21.905 0.579 0.510 2.869
11.332 6.196 7.866 4.702
23.645 1.313 13.911 4.540
8.337 4.244 6.959 7.049
10.117 0.530 3.291 12.616
20.203 14.583 2.667 25.454
0.565 1.212 6.615 14.082
5.022 21.929 5.858 9.561
1.443 10.372 16.268 7.345
10.741 4.300 1.834 0.116
4.783 3.898 1.070 12.148
8.434 3.802 3.000 2.405
4.016 11.303 11.793 9.731
3.705 5.360 1.970 13.839
10.278 8.440 21.627 15.209
4.702 5.974 0.593 12.014
4.469 5.716 0.831 1.285
8.781 1.948 0.667 2.663
19.470 8.973 12.681 4.529
5.546 9.973 0.623 15.061
7.116 12.132 10.983 11.278
14.166 4.791 10.301 12.534
19.115 9.984 9.544 11.238
6.425 8.142 16.743 5.444
21.976 1.152 0.635 2.534
7.744 10.399 19.068 22.011
3.119 11.304 10.513 2.974
6.541 12.671 10.706 17.397
8.691 2.278 9.691 6.138
2.977 8.043 1.243 8.380
0.451 8.958 17.316 7.270
18.457 10.276 14.083 7.611
11.885 8.640 6.591 9.484
0.549 1.431 0.684 4.297
3.721 21.895 23.539 13.330
11.780 0.875 0.169 10.699
0.788 13.982 17.381 2.198
2.029 0.725 13.432 3.444
8.206 0.419 19.281 6.485
7.686 9.254 19.939 0.511
8.036 7.903 8.816 1.394
1.035 0.601 3.338 5.706
2.103 14.522 5.330 2.738
10.646 19.204 2.045 8.300
16.713 6.690 13.212 4.000
16.512 20.709 6.980 5.784
6.054 13.834 8.743 5.219
0.337 13.721 11.114 0.053
3.318 3.107 7.868 5.107
1.868 11.690 5.122 6.318
14.174 18.929 10.821 16.466
20.147 13.667 11.087 1.399
8.166 0.785 6.854 9.741
0.327 0.049 2.063 6.403
17.734 14.678 16.031 14.104
7.821 15.627 4.577 0.420
11.059 20.132 10.107 11.978
19.849 13.219 7.884 11.894
4.839 6.868 9.666 13.091
15.018 4.342 23.736 9.739
10.402 16.841 11.453 4.844
11.106 2.907 26.929 2.054
5.583 4.357 2.935 15.611
8.255 2.523 3.847 2.854
8.853 2.815 4.522 1.027
0.089 12.598 9.349 0.603
14.665 3.618 5.380 1.063
2.636 3.026 13.212 5.564
9.813 5.074 15.167 13.019
3.818 11.269 9.832 6.418
7.977 2.020 4.454 1.810
5.298 1.425 7.183 5.965
6.787 10.903 5.424 1.293
1.400 12.386 4.915 2.743
5.049 6.918 24.081 11.251
5.100 8.573 12.890 13.089
1.689 7.094 3.596 7.656
5.816 5.707 15.256 9.253
8.161 8.849 8.185 13.745
4.893 28.783 2.540 10.478
0.985 6.245 3.204 2.078
8.474 10.963 9.484 5.368
18.419 17.653 8.305 10.549
17.642 1.950 1.335 7.342
4.700 7.678 10.475 1.683
3.275 2.512 9.868 0.322
13.460 21.088 3.244 5.730
5.245 2.083 12.928 1.042
9.231 4.729 0.819 15.765
7.833 6.123 16.786 1.715
4.422 9.994 6.260 16.237
4.273 5.678 5.930 1.683
17.577 7.221 23.650 15.529
15.531 2.847 20.330 0.229
8.095 13.864 5.065 3.149
25.185 6.696 1.851 12.731
0.179 3.422 14.581 7.253
6.548 6.392 2.460 3.253
2.104 7.334 7.600 0.098
12.132 1.223 10.532 15.010
2.607 1.743 6.017 6.029
8.438 9.278 11.606 18.170
5.084 1.117 5.049 5.628
15.347 4.647 1.507 16.478
14.781 1.714 0.385 0.926
9.696 1.771 9.628 3.590
8.711 15.617 2.809 7.426
12.741 11.170 9.265 3.693
15.086 10.441 18.132 11.481
14.907 0.805 9.268 4.833
7.611 5.323 12.919 11.735
4.284 19.327 13.480 7.420
0.664 4.042 7.221 2.764
8.922 3.758 0.421 10.225
4.550 5.160 7.257 5.122
9.867 4.200 4.079 9.483
6.480 12.023 17.928 4.277
27.624 1.203 8.180 3.806
11.745 2.359 20.060 15.265
11.644 2.022 4.048 13.289
2.902 14.741 5.561 2.704
2.727 6.301 2.672 7.349
15.269 19.041 2.724 6.986
19.358 0.556 4.409 12.601
9.728 2.682 8.346 15.339
14.318 22.773 8.152 15.666
4.637 6.851 10.351 9.927
21.618 6.759 7.439 5.083
0.936 2.202 7.148 0.683
2.389 7.686 5.861 7.413
3.706 2.588 1.438 7.263
1.516 2.928 16.467 12.371
4.289 32.540 20.133 18.953
16.884 11.718 8.095 8.763
14.530 0.999 1.817 1.188
0.438 0.786 3.565 5.191
13.341 13.296 6.592 7.700
1.643 17.260 20.685 4.893
6.372 5.649 9.989 3.596
14.011 6.518 6.081 18.683
5.576 3.386 2.225 8.086
23.272 6.545 6.303 14.574
0.107 3.007 4.842 0.526
6.703 1.541 12.527 1.106
4.996 2.551 6.458 10.323
6.951 1.940 11.623 15.587
15.072 4.507 0.651 5.085
4.248 3.030 0.361 17.468
18.378 0.716 3.314 23.790
4.710 0.201 14.824 4.438
8.697 8.357 7.897 14.295
7.695 21.582 10.340 15.248
6.837 3.316 4.588 19.519
9.988 12.438 7.649 10.719
9.683 14.731 12.402 0.147
2.514 0.148 7.147 13.787
7.947 9.516 15.197 3.487
2.490 4.098 0.629 3.559
2.448 11.669 4.803 9.257
6.316 0.472 4.393 14.741
12.548 13.854 7.662 12.068
8.185 9.568 12.790 1.656
10.899 4.577 9.899 1.464
4.694 0.647 4.501 3.226
6.296 11.385 5.776 13.559
9.532 17.265 3.685 9.080
2.406 12.421 16.367 14.927
12.035 0.817 8.667 20.033
0.081 9.965 9.843 6.344
15.213 16.811 17.889 8.453
17.930 1.335 7.552 5.839
5.480 20.348 3.264 6.637
11.915 0.478 1.571 1.268
10.827 2.935 13.580 6.158
7.354 6.563 10.524 13.207
11.272 1.421 7.033 13.597
6.928 12.086 13.750 22.113
9.902 9.953 6.227 11.847
5.403 2.330 14.150 16.165
7.106 9.020 0.692 4.457
21.503 3.409 3.765 11.599
17.977 4.156 12.462 8.017
19.089 7.390 3.283 2.022
13.827 9.869 5.834 5.705
13.484 4.309 3.615 1.206
2.639 5.955 19.675 8.904
4.386 21.140 0.270 8.581
12.792 3.991 12.432 21.865
0.881 17.392 0.396 5.419
3.069 1.321 1.767 3.501
22.227 0.769 1.173 2.277
0.524 18.255 12.266 13.571
2.341 5.423 29.801 7.414
10.831 0.403 6.652 9.424
3.515 3.422 3.306 7.766
4.263 12.417 1.115 0.152
0.983 13.004 4.465 6.944
6.830 9.769 1.022 7.205
10.022 8.891 14.336 10.318
6.923 13.832 15.584 0.497
7.937 2.638 2.449 10.872
8.011 2.405 11.780 4.587
10.756 0.648 15.022 6.286
12.733 3.616 0.088 2.409
4.791 4.934 9.646 2.195
5.765 6.454 0.240 4.611
10.240 3.271 3.965 10.081
17.276 4.387 1.221 10.233
0.999 4.367 19.607 8.061
18.603 10.238 2.077 10.345
6.030 5.074 4.847 3.282
13.031 5.730 14.445 2.242
10.795 3.955 14.894 27.711
7.562 12.185 8.447 9.872
12.958 9.156 4.885 12.004
8.425 18.131 0.181 2.511
13.623 11.884 5.889 9.611
18.520 17.384 8.383 2.427
8.413 0.428 12.926 4.107
0.152 2.490 11.062 10.949
13.858 6.316 13.184 4.706
18.684 10.857 10.346 8.563
9.068 8.382 22.170 9.579
3.333 2.393 5.909 7.626
15.709 15.837 5.639 1.112
4.449 4.389 1.431 24.106
6.651 7.452 4.484 10.810
16.306 8.209 4.683 1.233
1.350 8.773 3.837 1.177
8.480 5.012 9.895 19.975
1.140 15.390 3.474 1.329
13.089 2.669 3.256 12.627
6.266 3.585 1.810 1.730
2.018 10.252 4.755 1.897
4.296 6.564 1.520 11.969
1.756 15.429 5.711 14.460
0.717 3.928 1.719 1.136
